5
0 0
2 0
2 1
1 3
0 1
5
1 2
2 3
3 4
4 5 
5 1
2
1 4
2 4
5 3
5 2
1


5
0 0
2 0
2 1
1 3
0 1
5
1 2
2 3
3 4
4 5 
5 1
2
1 4
2 4
2 4
2 5
1


6
0 0
1 0
0 2
-1 0
-1 -1
1 -1
5
2 3 
3 4 
4 5
5 6
6 2
5
1 2 
1 3 
1 4
1 5
1 6
1 3 
1 5
1 6
3 5
3 6
3



8
0 0
3 0
3 2
2 2
2 1
1 1
1 2
0 2
8
1 2
2 3
3 4
4 5
5 6
6 7
7 8
8 1
5
1 6
1 7
2 4
2 5
2 6
6 8
6 1
5 1
5 2
5 3
3


19
0 0
3 0
5 1
5 0
9 0
9 3
10 3
10 0
12 2
10 4
7 4
4 5
3 4
5 4
3 3
2 2
0 5
0 2
2 1
19
1 2
2 3
3 4
4 5
5 6
6 7
7 8
8 9
9 10
10 11
11 12
12 13
13 14
14 15
15 16
16 17
17 18
18 19
19 1
16
2 15
2 19
3 5
3 15
5 14
5 15
6 14
7 9
7 10
7 11
7 14
11 14
12 14
15 19
16 19
17 19
2 15
2 19
3 5
3 6
3 11
3 14
3 15
6 10
6 11
7 9
7 10
11 14
12 14
15 19
16 18
16 19
6


7
0 0
8 0
8 4
6 5
4 4
2 5
0 4
7
1 2
2 3
3 4
4 5
5 6
6 7
7 1
4
1 3
1 4
1 5
1 6
1 5
5 7
3 5
2 5
3
